-----2022-10-13 21:31:27.595698-----
Download: 166069.60 Kb/s
Upload: 45953.21 Kb/s
Ping: 30.006
------------------------------------
-----2022-10-13 21:32:01.779018-----
Download: 175985.60 Kb/s
Upload: 45890.71 Kb/s
Ping: 30.397
------------------------------------
